3.130017227200316277e-01 3.130017227200316277e-01 3.130017227200316277e-01
3.254104545669404547e-01 3.254104545669404547e-01 3.254104545669404547e-01
3.223424240781864181e-01 3.223424240781864181e-01 3.223424240781864181e-01
3.048772701185907263e-01 3.048772701185907263e-01 3.048772701185907263e-01
2.753664399486920877e-01 2.753664399486920877e-01 2.753664399486920877e-01
2.373073447862908969e-01 2.373073447862908969e-01 2.373073447862908969e-01
1.951958607202756435e-01 1.951958607202756435e-01 1.951958607202756435e-01
1.540444818636756974e-01 1.540444818636756974e-01 1.540444818636756974e-01
1.186204479765031045e-01 1.186204479765031045e-01 1.186204479765031045e-01
9.238689406274105953e-02 9.238689406274105953e-02 9.238689406274105953e-02
7.648347329660210026e-02 7.648347329660210026e-02 7.648347329660210026e-02
6.977152243062655079e-02 6.977152243062655079e-02 6.977152243062655079e-02
6.940821931233252806e-02 6.940821931233252806e-02 6.940821931233252806e-02
7.188439734372954748e-02 7.188439734372954748e-02 7.188439734372954748e-02
7.441180408458626661e-02 7.441180408458626661e-02 7.441180408458626661e-02
7.576924114442462610e-02 7.576924114442462610e-02 7.576924114442462610e-02
7.621545062826938499e-02 7.621545062826938499e-02 7.621545062826938499e-02
7.667267304723955623e-02 7.667267304723955623e-02 7.667267304723955623e-02
7.803208996058359770e-02 7.803208996058359770e-02 7.803208996058359770e-02
8.008792034455390618e-02 8.008792034455390618e-02 8.008792034455390618e-02
8.131134607022590111e-02 8.131134607022590111e-02 8.131134607022590111e-02
7.878121703079885019e-02 7.878121703079885019e-02 7.878121703079885019e-02
6.835110128113845718e-02 6.835110128113845718e-02 6.835110128113845718e-02
4.695705178034614152e-02 4.695705178034614152e-02 4.695705178034614152e-02
1.839469518051685404e-02 1.839469518051685404e-02 1.839469518051685404e-02
0.000000000000000000e+00 0.000000000000000000e+00 0.000000000000000000e+00
2.253333145247250410e-02 2.253333145247250410e-02 2.253333145247250410e-02
1.191811177411455369e-01 1.191811177411455369e-01 1.191811177411455369e-01
3.042336939883975577e-01 3.042336939883975577e-01 3.042336939883975577e-01
5.536261883142611362e-01 5.536261883142611362e-01 5.536261883142611362e-01
8.031904349317433578e-01 8.031904349317433578e-01 8.031904349317433578e-01
9.720315994518775593e-01 9.720315994518775593e-01 9.720315994518775593e-01
1.000000000000000000e+00 1.000000000000000000e+00 1.000000000000000000e+00
8.780323621904406739e-01 8.780323621904406739e-01 8.780323621904406739e-01
6.518754286073488169e-01 6.518754286073488169e-01 6.518754286073488169e-01
3.983799353726319437e-01 3.983799353726319437e-01 3.983799353726319437e-01
1.886033197688619933e-01 1.886033197688619933e-01 1.886033197688619933e-01
5.979281328026336134e-02 5.979281328026336134e-02 5.979281328026336134e-02
9.517650765225753318e-03 9.517650765225753318e-03 9.517650765225753318e-03
1.031441806042166474e-02 1.031441806042166474e-02 1.031441806042166474e-02
3.067226173267374387e-02 3.067226173267374387e-02 3.067226173267374387e-02
4.921631211202605327e-02 4.921631211202605327e-02 4.921631211202605327e-02
5.891388206458133409e-02 5.891388206458133409e-02 5.891388206458133409e-02
6.191212271725984179e-02 6.191212271725984179e-02 6.191212271725984179e-02
6.244235223425230463e-02 6.244235223425230463e-02 6.244235223425230463e-02
6.302269679310754102e-02 6.302269679310754102e-02 6.302269679310754102e-02
6.429660878317461359e-02 6.429660878317461359e-02 6.429660878317461359e-02
6.600992451066065025e-02 6.600992451066065025e-02 6.600992451066065025e-02
6.776246608572815411e-02 6.776246608572815411e-02 6.776246608572815411e-02
6.934375033255352205e-02 6.934375033255352205e-02 6.934375033255352205e-02
7.071801614719022688e-02 7.071801614719022688e-02 7.071801614719022688e-02
7.183032259485540305e-02 7.183032259485540305e-02 7.183032259485540305e-02
7.268289701074293063e-02 7.268289701074293063e-02 7.268289701074293063e-02
7.317105464073948851e-02 7.317105464073948851e-02 7.317105464073948851e-02
7.317897405476225803e-02 7.317897405476225803e-02 7.317897405476225803e-02
7.257647988481212564e-02 7.257647988481212564e-02 7.257647988481212564e-02
7.145835761747398873e-02 7.145835761747398873e-02 7.145835761747398873e-02
7.051000778824872972e-02 7.051000778824872972e-02 7.051000778824872972e-02
7.020028445545242746e-02 7.020028445545242746e-02 7.020028445545242746e-02
7.059353285802000277e-02 7.059353285802000277e-02 7.059353285802000277e-02
7.135515775348992562e-02 7.135515775348992562e-02 7.135515775348992562e-02
7.207359709436698958e-02 7.207359709436698958e-02 7.207359709436698958e-02
7.305238717124222514e-02 7.305238717124222514e-02 7.305238717124222514e-02
7.553376231809168229e-02 7.553376231809168229e-02 7.553376231809168229e-02
8.209400690919377297e-02 8.209400690919377297e-02 8.209400690919377297e-02
9.591808653098235493e-02 9.591808653098235493e-02 9.591808653098235493e-02
1.195330367017818501e-01 1.195330367017818501e-01 1.195330367017818501e-01
1.534150121897105423e-01 1.534150121897105423e-01 1.534150121897105423e-01
1.955756213708357283e-01 1.955756213708357283e-01 1.955756213708357283e-01
2.421198736952455965e-01 2.421198736952455965e-01 2.421198736952455965e-01
2.891704735537355964e-01 2.891704735537355964e-01 2.891704735537355964e-01
3.339736922015797971e-01 3.339736922015797971e-01 3.339736922015797971e-01
3.753762649717140576e-01 3.753762649717140576e-01 3.753762649717140576e-01
4.128034156432680013e-01 4.128034156432680013e-01 4.128034156432680013e-01
4.459035964781375982e-01 4.459035964781375982e-01 4.459035964781375982e-01
4.745911788122017527e-01 4.745911788122017527e-01 4.745911788122017527e-01
4.991398773926220001e-01 4.991398773926220001e-01 4.991398773926220001e-01
5.200206498720643111e-01 5.200206498720643111e-01 5.200206498720643111e-01
5.371362359470617243e-01 5.371362359470617243e-01 5.371362359470617243e-01
5.499137155094051543e-01 5.499137155094051543e-01 5.499137155094051543e-01
5.576282146943242202e-01 5.576282146943242202e-01 5.576282146943242202e-01
5.597362637145071318e-01 5.597362637145071318e-01 5.597362637145071318e-01
5.556298000620188970e-01 5.556298000620188970e-01 5.556298000620188970e-01
5.443354782571250272e-01 5.443354782571250272e-01 5.443354782571250272e-01
5.242741176473499909e-01 5.242741176473499909e-01 5.242741176473499909e-01
4.943431873117128394e-01 4.943431873117128394e-01 4.943431873117128394e-01
4.548572364759300712e-01 4.548572364759300712e-01 4.548572364759300712e-01
4.078688782620251696e-01 4.078688782620251696e-01 4.078688782620251696e-01
3.561417406822525722e-01 3.561417406822525722e-01 3.561417406822525722e-01
3.020251674028009425e-01 3.020251674028009425e-01 3.020251674028009425e-01
2.472087159090881059e-01 2.472087159090881059e-01 2.472087159090881059e-01
1.935330312571847122e-01 1.935330312571847122e-01 1.935330312571847122e-01
1.439764318238682672e-01 1.439764318238682672e-01 1.439764318238682672e-01
1.023961672015983315e-01 1.023961672015983315e-01 1.023961672015983315e-01
7.205676833956863037e-02 7.205676833956863037e-02 7.205676833956863037e-02
5.390101672901968094e-02 5.390101672901968094e-02 5.390101672901968094e-02
4.588372369857423444e-02 4.588372369857423444e-02 4.588372369857423444e-02
4.418785543010708694e-02 4.418785543010708694e-02 4.418785543010708694e-02
4.514350596913457858e-02 4.514350596913457858e-02 4.514350596913457858e-02
4.641382947472259130e-02 4.641382947472259130e-02 4.641382947472259130e-02
